n = 4225
beta = 0.001
radius = 0.1
L_est = 0.0010001361154128939
F(u_bb) = 0.016186501841703935
F(u_gd) = 0.016186501841708372
F(u_ne) = 0.016186501841707817
